0,459
0,458
0,457
0,456
0,455
31,5
25,5
33,100
33,0
27,5
28,4
29,3
24,4
36,35
24,5
25,4
28,5
29,1
29,4
27,4
26,4
32,4
31,6
30,4
24,1
24,3
25,1
25,3
27,1
27,3
26,1
26,3
28,1
28,3
32,1
32,3
31,1
31,3
30,1
30,3
3,2
3,1
3,3
10,230
10,88
10,186
10,220
10,78
10,20
10,66
10,1
10,228
10,2
10,3
11,26
11,27
11,15
11,17
11,28
11,19
11,12
11,1
11,20
11,2
11,3
9,7
9,4
9,1
9,6
9,2
9,3
8,11
8,4
8,16
8,9
8,1
8,17
8,2
8,3
12,2
12,1
12,3
20,2
20,1
20,3
19,2
19,1
19,3
35,8
35,7
35,6
35,5
35,4
35,3
35,2
35,1
35,0
34,5
34,4
34,3
34,2
34,1
34,0
33,99
33,98
33,97
33,96
33,95
33,94
33,93
33,92
